System.Name hBN
DATA.PATH /path/to/OpenMX/openmx-3.9.9-1/DFT_DATA19

Species.Number       2
<Definition.of.Atomic.Species
N N6.0-s2p2d1 N_PBE19
B B7.0-s2p2d1 B_PBE19
Definition.of.Atomic.Species>

Atoms.Number         160
Atoms.SpeciesAndCoordinates.Unit   FRAC
<Atoms.SpeciesAndCoordinates 
  1 B 0.07065217 0.33333000 0.66667000 1.5 1.5 45.0 45.0 0 off
  2 B 0.08152174 0.66667000 0.33333000 1.5 1.5 45.0 45.0 0 off
  3 N  0.08152174 0.33333000 0.66667000 2.5 2.5 45.0 45.0 0 off
  4 N  0.07065217 0.66667000 0.33333000 2.5 2.5 45.0 45.0 0 off
  5 B 0.09239130 0.33333000 0.66667000 1.5 1.5 45.0 45.0 0 off
  6 B 0.10326087 0.66667000 0.33333000 1.5 1.5 45.0 45.0 0 off
  7 N  0.10326087 0.33333000 0.66667000 2.5 2.5 45.0 45.0 0 off
  8 N  0.09239130 0.66667000 0.33333000 2.5 2.5 45.0 45.0 0 off
  9 B 0.11413043 0.33333000 0.66667000 1.5 1.5 45.0 45.0 0 off
 10 B 0.12500000 0.66667000 0.33333000 1.5 1.5 45.0 45.0 0 off
 11 N  0.12500000 0.33333000 0.66667000 2.5 2.5 45.0 45.0 0 off
 12 N  0.11413043 0.66667000 0.33333000 2.5 2.5 45.0 45.0 0 off
 13 B 0.13586957 0.33333000 0.66667000 1.5 1.5 45.0 45.0 0 off
 14 B 0.14673913 0.66667000 0.33333000 1.5 1.5 45.0 45.0 0 off
 15 N  0.14673913 0.33333000 0.66667000 2.5 2.5 45.0 45.0 0 off
 16 N  0.13586957 0.66667000 0.33333000 2.5 2.5 45.0 45.0 0 off
 17 B 0.15760870 0.33333000 0.66667000 1.5 1.5 45.0 45.0 0 off
 18 B 0.16847826 0.66667000 0.33333000 1.5 1.5 45.0 45.0 0 off
 19 N  0.16847826 0.33333000 0.66667000 2.5 2.5 45.0 45.0 0 off
 20 N  0.15760870 0.66667000 0.33333000 2.5 2.5 45.0 45.0 0 off
 21 B 0.17934783 0.33333000 0.66667000 1.5 1.5 45.0 45.0 0 off
 22 B 0.19021739 0.66667000 0.33333000 1.5 1.5 45.0 45.0 0 off
 23 N  0.19021739 0.33333000 0.66667000 2.5 2.5 45.0 45.0 0 off
 24 N  0.17934783 0.66667000 0.33333000 2.5 2.5 45.0 45.0 0 off
 25 B 0.20108696 0.33333000 0.66667000 1.5 1.5 45.0 45.0 0 off
 26 B 0.21195652 0.66667000 0.33333000 1.5 1.5 45.0 45.0 0 off
 27 N  0.21195652 0.33333000 0.66667000 2.5 2.5 45.0 45.0 0 off
 28 N  0.20108696 0.66667000 0.33333000 2.5 2.5 45.0 45.0 0 off
 29 B 0.22282609 0.33333000 0.66667000 1.5 1.5 45.0 45.0 0 off
 30 B 0.23369565 0.66667000 0.33333000 1.5 1.5 45.0 45.0 0 off
 31 N  0.23369565 0.33333000 0.66667000 2.5 2.5 45.0 45.0 0 off
 32 N  0.22282609 0.66667000 0.33333000 2.5 2.5 45.0 45.0 0 off
 33 B 0.24456522 0.33333000 0.66667000 1.5 1.5 45.0 45.0 0 off
 34 B 0.25543478 0.66667000 0.33333000 1.5 1.5 45.0 45.0 0 off
 35 N  0.25543478 0.33333000 0.66667000 2.5 2.5 45.0 45.0 0 off
 36 N  0.24456522 0.66667000 0.33333000 2.5 2.5 45.0 45.0 0 off
 37 B 0.26630435 0.33333000 0.66667000 1.5 1.5 45.0 45.0 0 off
 38 B 0.27717391 0.66667000 0.33333000 1.5 1.5 45.0 45.0 0 off
 39 N  0.27717391 0.33333000 0.66667000 2.5 2.5 45.0 45.0 0 off
 40 N  0.26630435 0.66667000 0.33333000 2.5 2.5 45.0 45.0 0 off
 41 B 0.28804348 0.33333000 0.66667000 1.5 1.5 45.0 45.0 0 off
 42 B 0.29891304 0.66667000 0.33333000 1.5 1.5 45.0 45.0 0 off
 43 N  0.29891304 0.33333000 0.66667000 2.5 2.5 45.0 45.0 0 off
 44 N  0.28804348 0.66667000 0.33333000 2.5 2.5 45.0 45.0 0 off
 45 B 0.30978261 0.33333000 0.66667000 1.5 1.5 45.0 45.0 0 off
 46 B 0.32065217 0.66667000 0.33333000 1.5 1.5 45.0 45.0 0 off
 47 N  0.32065217 0.33333000 0.66667000 2.5 2.5 45.0 45.0 0 off
 48 N  0.30978261 0.66667000 0.33333000 2.5 2.5 45.0 45.0 0 off
 49 B 0.33152174 0.33333000 0.66667000 1.5 1.5 45.0 45.0 0 off
 50 B 0.34239130 0.66667000 0.33333000 1.5 1.5 45.0 45.0 0 off
 51 N  0.34239130 0.33333000 0.66667000 2.5 2.5 45.0 45.0 0 off
 52 N  0.33152174 0.66667000 0.33333000 2.5 2.5 45.0 45.0 0 off
 53 B 0.35326087 0.33333000 0.66667000 1.5 1.5 45.0 45.0 0 off
 54 B 0.36413043 0.66667000 0.33333000 1.5 1.5 45.0 45.0 0 off
 55 N  0.36413043 0.33333000 0.66667000 2.5 2.5 45.0 45.0 0 off
 56 N  0.35326087 0.66667000 0.33333000 2.5 2.5 45.0 45.0 0 off
 57 B 0.37500000 0.33333000 0.66667000 1.5 1.5 45.0 45.0 0 off
 58 B 0.38586957 0.66667000 0.33333000 1.5 1.5 45.0 45.0 0 off
 59 N  0.38586957 0.33333000 0.66667000 2.5 2.5 45.0 45.0 0 off
 60 N  0.37500000 0.66667000 0.33333000 2.5 2.5 45.0 45.0 0 off
 61 B 0.39673913 0.33333000 0.66667000 1.5 1.5 45.0 45.0 0 off
 62 B 0.40760870 0.66667000 0.33333000 1.5 1.5 45.0 45.0 0 off
 63 N  0.40760870 0.33333000 0.66667000 2.5 2.5 45.0 45.0 0 off
 64 N  0.39673913 0.66667000 0.33333000 2.5 2.5 45.0 45.0 0 off
 65 B 0.41847826 0.33333000 0.66667000 1.5 1.5 45.0 45.0 0 off
 66 B 0.42934783 0.66667000 0.33333000 1.5 1.5 45.0 45.0 0 off
 67 N  0.42934783 0.33333000 0.66667000 2.5 2.5 45.0 45.0 0 off
 68 N  0.41847826 0.66667000 0.33333000 2.5 2.5 45.0 45.0 0 off
 69 B 0.44021739 0.33333000 0.66667000 1.5 1.5 45.0 45.0 0 off
 70 B 0.45108696 0.66667000 0.33333000 1.5 1.5 45.0 45.0 0 off
 71 N  0.45108696 0.33333000 0.66667000 2.5 2.5 45.0 45.0 0 off
 72 N  0.44021739 0.66667000 0.33333000 2.5 2.5 45.0 45.0 0 off
 73 B 0.46195652 0.33333000 0.66667000 1.5 1.5 45.0 45.0 0 off
 74 B 0.47282609 0.66667000 0.33333000 1.5 1.5 45.0 45.0 0 off
 75 N  0.47282609 0.33333000 0.66667000 2.5 2.5 45.0 45.0 0 off
 76 N  0.46195652 0.66667000 0.33333000 2.5 2.5 45.0 45.0 0 off
 77 B 0.48369565 0.33333000 0.66667000 1.5 1.5 45.0 45.0 0 off
 78 B 0.49456522 0.66667000 0.33333000 1.5 1.5 45.0 45.0 0 off
 79 N  0.49456522 0.33333000 0.66667000 2.5 2.5 45.0 45.0 0 off
 80 N  0.48369565 0.66667000 0.33333000 2.5 2.5 45.0 45.0 0 off
 81 B 0.50543478 0.33333000 0.66667000 1.5 1.5 45.0 45.0 0 off
 82 B 0.51630435 0.66667000 0.33333000 1.5 1.5 45.0 45.0 0 off
 83 N  0.51630435 0.33333000 0.66667000 2.5 2.5 45.0 45.0 0 off
 84 N  0.50543478 0.66667000 0.33333000 2.5 2.5 45.0 45.0 0 off
 85 B 0.52717391 0.33333000 0.66667000 1.5 1.5 45.0 45.0 0 off
 86 B 0.53804348 0.66667000 0.33333000 1.5 1.5 45.0 45.0 0 off
 87 N  0.53804348 0.33333000 0.66667000 2.5 2.5 45.0 45.0 0 off
 88 N  0.52717391 0.66667000 0.33333000 2.5 2.5 45.0 45.0 0 off
 89 B 0.54891304 0.33333000 0.66667000 1.5 1.5 45.0 45.0 0 off
 90 B 0.55978261 0.66667000 0.33333000 1.5 1.5 45.0 45.0 0 off
 91 N  0.55978261 0.33333000 0.66667000 2.5 2.5 45.0 45.0 0 off
 92 N  0.54891304 0.66667000 0.33333000 2.5 2.5 45.0 45.0 0 off
 93 B 0.57065217 0.33333000 0.66667000 1.5 1.5 45.0 45.0 0 off
 94 B 0.58152174 0.66667000 0.33333000 1.5 1.5 45.0 45.0 0 off
 95 N  0.58152174 0.33333000 0.66667000 2.5 2.5 45.0 45.0 0 off
 96 N  0.57065217 0.66667000 0.33333000 2.5 2.5 45.0 45.0 0 off
 97 B 0.59239130 0.33333000 0.66667000 1.5 1.5 45.0 45.0 0 off
 98 B 0.60326087 0.66667000 0.33333000 1.5 1.5 45.0 45.0 0 off
 99 N  0.60326087 0.33333000 0.66667000 2.5 2.5 45.0 45.0 0 off
100 N  0.59239130 0.66667000 0.33333000 2.5 2.5 45.0 45.0 0 off
101 B 0.61413043 0.33333000 0.66667000 1.5 1.5 45.0 45.0 0 off
102 B 0.62500000 0.66667000 0.33333000 1.5 1.5 45.0 45.0 0 off
103 N  0.62500000 0.33333000 0.66667000 2.5 2.5 45.0 45.0 0 off
104 N  0.61413043 0.66667000 0.33333000 2.5 2.5 45.0 45.0 0 off
105 B 0.63586957 0.33333000 0.66667000 1.5 1.5 45.0 45.0 0 off
106 B 0.64673913 0.66667000 0.33333000 1.5 1.5 45.0 45.0 0 off
107 N  0.64673913 0.33333000 0.66667000 2.5 2.5 45.0 45.0 0 off
108 N  0.63586957 0.66667000 0.33333000 2.5 2.5 45.0 45.0 0 off
109 B 0.65760870 0.33333000 0.66667000 1.5 1.5 45.0 45.0 0 off
110 B 0.66847826 0.66667000 0.33333000 1.5 1.5 45.0 45.0 0 off
111 N  0.66847826 0.33333000 0.66667000 2.5 2.5 45.0 45.0 0 off
112 N  0.65760870 0.66667000 0.33333000 2.5 2.5 45.0 45.0 0 off
113 B 0.67934783 0.33333000 0.66667000 1.5 1.5 45.0 45.0 0 off
114 B 0.69021739 0.66667000 0.33333000 1.5 1.5 45.0 45.0 0 off
115 N  0.69021739 0.33333000 0.66667000 2.5 2.5 45.0 45.0 0 off
116 N  0.67934783 0.66667000 0.33333000 2.5 2.5 45.0 45.0 0 off
117 B 0.70108696 0.33333000 0.66667000 1.5 1.5 45.0 45.0 0 off
118 B 0.71195652 0.66667000 0.33333000 1.5 1.5 45.0 45.0 0 off
119 N  0.71195652 0.33333000 0.66667000 2.5 2.5 45.0 45.0 0 off
120 N  0.70108696 0.66667000 0.33333000 2.5 2.5 45.0 45.0 0 off
121 B 0.72282609 0.33333000 0.66667000 1.5 1.5 45.0 45.0 0 off
122 B 0.73369565 0.66667000 0.33333000 1.5 1.5 45.0 45.0 0 off
123 N  0.73369565 0.33333000 0.66667000 2.5 2.5 45.0 45.0 0 off
124 N  0.72282609 0.66667000 0.33333000 2.5 2.5 45.0 45.0 0 off
125 B 0.74456522 0.33333000 0.66667000 1.5 1.5 45.0 45.0 0 off
126 B 0.75543478 0.66667000 0.33333000 1.5 1.5 45.0 45.0 0 off
127 N  0.75543478 0.33333000 0.66667000 2.5 2.5 45.0 45.0 0 off
128 N  0.74456522 0.66667000 0.33333000 2.5 2.5 45.0 45.0 0 off
129 B 0.76630435 0.33333000 0.66667000 1.5 1.5 45.0 45.0 0 off
130 B 0.77717391 0.66667000 0.33333000 1.5 1.5 45.0 45.0 0 off
131 N  0.77717391 0.33333000 0.66667000 2.5 2.5 45.0 45.0 0 off
132 N  0.76630435 0.66667000 0.33333000 2.5 2.5 45.0 45.0 0 off
133 B 0.78804348 0.33333000 0.66667000 1.5 1.5 45.0 45.0 0 off
134 B 0.79891304 0.66667000 0.33333000 1.5 1.5 45.0 45.0 0 off
135 N  0.79891304 0.33333000 0.66667000 2.5 2.5 45.0 45.0 0 off
136 N  0.78804348 0.66667000 0.33333000 2.5 2.5 45.0 45.0 0 off
137 B 0.80978261 0.33333000 0.66667000 1.5 1.5 45.0 45.0 0 off
138 B 0.82065217 0.66667000 0.33333000 1.5 1.5 45.0 45.0 0 off
139 N  0.82065217 0.33333000 0.66667000 2.5 2.5 45.0 45.0 0 off
140 N  0.80978261 0.66667000 0.33333000 2.5 2.5 45.0 45.0 0 off
141 B 0.83152174 0.33333000 0.66667000 1.5 1.5 45.0 45.0 0 off
142 B 0.84239130 0.66667000 0.33333000 1.5 1.5 45.0 45.0 0 off
143 N  0.84239130 0.33333000 0.66667000 2.5 2.5 45.0 45.0 0 off
144 N  0.83152174 0.66667000 0.33333000 2.5 2.5 45.0 45.0 0 off
145 B 0.85326087 0.33333000 0.66667000 1.5 1.5 45.0 45.0 0 off
146 B 0.86413043 0.66667000 0.33333000 1.5 1.5 45.0 45.0 0 off
147 N  0.86413043 0.33333000 0.66667000 2.5 2.5 45.0 45.0 0 off
148 N  0.85326087 0.66667000 0.33333000 2.5 2.5 45.0 45.0 0 off
149 B 0.87500000 0.33333000 0.66667000 1.5 1.5 45.0 45.0 0 off
150 B 0.88586957 0.66667000 0.33333000 1.5 1.5 45.0 45.0 0 off
151 N  0.88586957 0.33333000 0.66667000 2.5 2.5 45.0 45.0 0 off
152 N  0.87500000 0.66667000 0.33333000 2.5 2.5 45.0 45.0 0 off
153 B 0.89673913 0.33333000 0.66667000 1.5 1.5 45.0 45.0 0 off
154 B 0.90760870 0.66667000 0.33333000 1.5 1.5 45.0 45.0 0 off
155 N  0.90760870 0.33333000 0.66667000 2.5 2.5 45.0 45.0 0 off
156 N  0.89673913 0.66667000 0.33333000 2.5 2.5 45.0 45.0 0 off
157 B 0.91847826 0.33333000 0.66667000 1.5 1.5 45.0 45.0 0 off
158 B 0.92934783 0.66667000 0.33333000 1.5 1.5 45.0 45.0 0 off
159 N  0.92934783 0.33333000 0.66667000 2.5 2.5 45.0 45.0 0 off
160 N  0.91847826 0.66667000 0.33333000 2.5 2.5 45.0 45.0 0 off
Atoms.SpeciesAndCoordinates>
Atoms.UnitVectors.Unit             Ang
<Atoms.UnitVectors                    
306.36 0.000 0.000
0.000 2.5 0.000
0.000 -1.25 2.1651
Atoms.UnitVectors>

scf.XcType                 GGA-PBE
scf.SpinPolarization       off    
scf.maxIter                10000  
scf.EigenvalueSolver       band   
scf.Kgrid                  1 7 7  
scf.Mixing.Type            RMM-DIISK
scf.restart on
scf.mixing.history 30
scf.Init.Mixing.Weight     0.01
scf.Mixing.StartPulay      50
scf.max.mixing.weight 0.5
scf.min.mixing.weight 0.00001

esm.switch on1
esm.buffer.range 4.5

band.dispersion on
band.nkpath 1
<band.kpath
100 0 0 0.5 1 0 0.5 M M
band.kpath>

<Band.KPath.UnitCell
6.66 0.000 0.000
0.000 2.5 0.000
0.000 -1.25 2.1651
Band.KPath.UnitCell>

num.HOMOs 0
num.LUMOs 0

SPADExp.dimension 2
SPADExp.curved false
SPADExp.origin 0 0 0
<SPADExp.range
0.00 0.00 1.00 -0.5 0.5 3
1.00 0.00 0.00 14 15 201
SPADExp.range>

! SPADExp.dimension 1
! SPADExp.curved true
! SPADExp.origin 14.581 0.00 0.00
! <SPADExp.range
! 0.00 0.00 1.00 -1 1 401
! SPADExp.range>

SPADExp.minN 50
SPADExp.maxN 350