#
# for openMX
#

System.Name                      Bi2Se3
DATA.PATH /path/to/OpenMX/DFT_DATA19

Species.Number       2
<Definition.of.Atomic.Species
Bi Bi8.0-s3p2d2f1 Bi_PBE19
Se Se7.0-s3p2d2   Se_PBE19
Definition.of.Atomic.Species>

Atoms.Number         45
Atoms.SpeciesAndCoordinates.Unit   FRAC
<Atoms.SpeciesAndCoordinates    
  1 Bi 0.24009200 0.05000000 0.05000000 7.5 7.5 45 0 45 0 0 off
  2 Bi 0.30675800 0.71667000 0.38333000 7.5 7.5 45 0 45 0 0 off
  3 Bi 0.37342600 0.38333000 0.71667000 7.5 7.5 45 0 45 0 0 off
  4 Bi 0.27990800 0.05000000 0.05000000 7.5 7.5 45 0 45 0 0 off
  5 Bi 0.34657400 0.71667000 0.38333000 7.5 7.5 45 0 45 0 0 off
  6 Bi 0.21324200 0.38333000 0.71667000 7.5 7.5 45 0 45 0 0 off
  7 Se 0.20194000 0.05000000 0.05000000 3.0 3.0 45 0 45 0 0 off
  8 Se 0.26860600 0.71667000 0.38333000 3.0 3.0 45 0 45 0 0 off
  9 Se 0.33527400 0.38333000 0.71667000 3.0 3.0 45 0 45 0 0 off
 10 Se 0.31806000 0.05000000 0.05000000 3.0 3.0 45 0 45 0 0 off
 11 Se 0.38472600 0.71667000 0.38333000 3.0 3.0 45 0 45 0 0 off
 12 Se 0.25139400 0.38333000 0.71667000 3.0 3.0 45 0 45 0 0 off
 13 Se 0.36000000 0.05000000 0.05000000 3.0 3.0 45 0 45 0 0 off
 14 Se 0.22666600 0.71667000 0.38333000 3.0 3.0 45 0 45 0 0 off
 15 Se 0.29333400 0.38333000 0.71667000 3.0 3.0 45 0 45 0 0 off
 16 Bi 0.44009200 0.05000000 0.05000000 7.5 7.5 45 0 45 0 0 off
 17 Bi 0.50675800 0.71667000 0.38333000 7.5 7.5 45 0 45 0 0 off
 18 Bi 0.57342600 0.38333000 0.71667000 7.5 7.5 45 0 45 0 0 off
 19 Bi 0.47990800 0.05000000 0.05000000 7.5 7.5 45 0 45 0 0 off
 20 Bi 0.54657400 0.71667000 0.38333000 7.5 7.5 45 0 45 0 0 off
 21 Bi 0.41324200 0.38333000 0.71667000 7.5 7.5 45 0 45 0 0 off
 22 Se 0.40194000 0.05000000 0.05000000 3.0 3.0 45 0 45 0 0 off
 23 Se 0.46860600 0.71667000 0.38333000 3.0 3.0 45 0 45 0 0 off
 24 Se 0.53527400 0.38333000 0.71667000 3.0 3.0 45 0 45 0 0 off
 25 Se 0.51806000 0.05000000 0.05000000 3.0 3.0 45 0 45 0 0 off
 26 Se 0.58472600 0.71667000 0.38333000 3.0 3.0 45 0 45 0 0 off
 27 Se 0.45139400 0.38333000 0.71667000 3.0 3.0 45 0 45 0 0 off
 28 Se 0.56000000 0.05000000 0.05000000 3.0 3.0 45 0 45 0 0 off
 29 Se 0.42666600 0.71667000 0.38333000 3.0 3.0 45 0 45 0 0 off
 30 Se 0.49333400 0.38333000 0.71667000 3.0 3.0 45 0 45 0 0 off
 31 Bi 0.64009200 0.05000000 0.05000000 7.5 7.5 45 0 45 0 0 off
 32 Bi 0.70675800 0.71667000 0.38333000 7.5 7.5 45 0 45 0 0 off
 33 Bi 0.77342600 0.38333000 0.71667000 7.5 7.5 45 0 45 0 0 off
 34 Bi 0.67990800 0.05000000 0.05000000 7.5 7.5 45 0 45 0 0 off
 35 Bi 0.74657400 0.71667000 0.38333000 7.5 7.5 45 0 45 0 0 off
 36 Bi 0.61324200 0.38333000 0.71667000 7.5 7.5 45 0 45 0 0 off
 37 Se 0.60194000 0.05000000 0.05000000 3.0 3.0 45 0 45 0 0 off
 38 Se 0.66860600 0.71667000 0.38333000 3.0 3.0 45 0 45 0 0 off
 39 Se 0.73527400 0.38333000 0.71667000 3.0 3.0 45 0 45 0 0 off
 40 Se 0.71806000 0.05000000 0.05000000 3.0 3.0 45 0 45 0 0 off
 41 Se 0.78472600 0.71667000 0.38333000 3.0 3.0 45 0 45 0 0 off
 42 Se 0.65139400 0.38333000 0.71667000 3.0 3.0 45 0 45 0 0 off
 43 Se 0.76000000 0.05000000 0.05000000 3.0 3.0 45 0 45 0 0 off
 44 Se 0.62666600 0.71667000 0.38333000 3.0 3.0 45 0 45 0 0 off
 45 Se 0.69333400 0.38333000 0.71667000 3.0 3.0 45 0 45 0 0 off
Atoms.SpeciesAndCoordinates>
Atoms.UnitVectors.Unit             Ang
<Atoms.UnitVectors                   
143.5 0.000 0.000
0.000 4.180 0.000
0.000 -2.09 3.620
Atoms.UnitVectors>

scf.XcType                 GGA-PBE
scf.SpinPolarization       nc     
scf.maxIter                1000   
scf.EigenvalueSolver       band   
scf.Kgrid                  1 7 7  
scf.SpinOrbit.Coupling on

scf.mixing.type rmm-diisk
scf.init.mixing.weight 0.005
scf.max.mixing.weight 0.100
scf.mixing.startPulay 15
scf.mixing.history 30

esm.switch on1
esm.buffer.range 4.5

#
# for SPADExp
#

SPADExp.dimension 1
SPADExp.curved false
SPADExp.origin 63.00 0.00 0.00
<SPADExp.range
0.00 1.0 -0.5 -0.1 0.1 501
SPADExp.range>

SPADExp.minN 378
SPADExp.maxN 458


