#
# for openMX    
#

System.Name graphene
DATA.PATH /path/to/OpenMX/DFT_DATA19

Species.Number       1
<Definition.of.Atomic.Species
 C C6.0-s2p2d1 C_CA19
Definition.of.Atomic.Species>

Atoms.Number         224
Atoms.SpeciesAndCoordinates.Unit   FRAC
<Atoms.SpeciesAndCoordinates 
  1 C 0.1500 0.0143 0.5000 2.0 2.0
  2 C 0.0143 0.1500 0.6677 2.0 2.0
  3 C 0.2333 0.0143 0.5000 2.0 2.0
  4 C 0.0143 0.2333 0.6677 2.0 2.0
  5 C 0.0250 0.0857 0.5000 2.0 2.0
  6 C 0.0857 0.0250 0.6677 2.0 2.0
  7 C 0.1083 0.0857 0.5000 2.0 2.0
  8 C 0.0857 0.1083 0.6677 2.0 2.0
  9 C 0.1500 0.1571 0.5000 2.0 2.0
 10 C 0.1571 0.1500 0.6677 2.0 2.0
 11 C 0.2333 0.1571 0.5000 2.0 2.0
 12 C 0.1571 0.2333 0.6677 2.0 2.0
 13 C 0.0250 0.2286 0.5000 2.0 2.0
 14 C 0.2286 0.0250 0.6677 2.0 2.0
 15 C 0.1083 0.2286 0.5000 2.0 2.0
 16 C 0.2286 0.1083 0.6677 2.0 2.0
 17 C 0.1500 0.3000 0.5000 2.0 2.0
 18 C 0.3000 0.1500 0.6677 2.0 2.0
 19 C 0.2333 0.3000 0.5000 2.0 2.0
 20 C 0.3000 0.2333 0.6677 2.0 2.0
 21 C 0.0250 0.3714 0.5000 2.0 2.0
 22 C 0.3714 0.0250 0.6677 2.0 2.0
 23 C 0.1083 0.3714 0.5000 2.0 2.0
 24 C 0.3714 0.1083 0.6677 2.0 2.0
 25 C 0.1500 0.4429 0.5000 2.0 2.0
 26 C 0.4429 0.1500 0.6677 2.0 2.0
 27 C 0.2333 0.4429 0.5000 2.0 2.0
 28 C 0.4429 0.2333 0.6677 2.0 2.0
 29 C 0.0250 0.5143 0.5000 2.0 2.0
 30 C 0.5143 0.0250 0.6677 2.0 2.0
 31 C 0.1083 0.5143 0.5000 2.0 2.0
 32 C 0.5143 0.1083 0.6677 2.0 2.0
 33 C 0.1500 0.5857 0.5000 2.0 2.0
 34 C 0.5857 0.1500 0.6677 2.0 2.0
 35 C 0.2333 0.5857 0.5000 2.0 2.0
 36 C 0.5857 0.2333 0.6677 2.0 2.0
 37 C 0.0250 0.6571 0.5000 2.0 2.0
 38 C 0.6571 0.0250 0.6677 2.0 2.0
 39 C 0.1083 0.6571 0.5000 2.0 2.0
 40 C 0.6571 0.1083 0.6677 2.0 2.0
 41 C 0.1500 0.7286 0.5000 2.0 2.0
 42 C 0.7286 0.1500 0.6677 2.0 2.0
 43 C 0.2333 0.7286 0.5000 2.0 2.0
 44 C 0.7286 0.2333 0.6677 2.0 2.0
 45 C 0.0250 0.8000 0.5000 2.0 2.0
 46 C 0.8000 0.0250 0.6677 2.0 2.0
 47 C 0.1083 0.8000 0.5000 2.0 2.0
 48 C 0.8000 0.1083 0.6677 2.0 2.0
 49 C 0.1500 0.8714 0.5000 2.0 2.0
 50 C 0.8714 0.1500 0.6677 2.0 2.0
 51 C 0.2333 0.8714 0.5000 2.0 2.0
 52 C 0.8714 0.2333 0.6677 2.0 2.0
 53 C 0.0250 0.9429 0.5000 2.0 2.0
 54 C 0.9429 0.0250 0.6677 2.0 2.0
 55 C 0.1083 0.9429 0.5000 2.0 2.0
 56 C 0.9429 0.1083 0.6677 2.0 2.0
 57 C 0.4000 0.0143 0.5000 2.0 2.0
 58 C 0.0143 0.4000 0.6677 2.0 2.0
 59 C 0.4833 0.0143 0.5000 2.0 2.0
 60 C 0.0143 0.4833 0.6677 2.0 2.0
 61 C 0.2750 0.0857 0.5000 2.0 2.0
 62 C 0.0857 0.2750 0.6677 2.0 2.0
 63 C 0.3583 0.0857 0.5000 2.0 2.0
 64 C 0.0857 0.3583 0.6677 2.0 2.0
 65 C 0.4000 0.1571 0.5000 2.0 2.0
 66 C 0.1571 0.4000 0.6677 2.0 2.0
 67 C 0.4833 0.1571 0.5000 2.0 2.0
 68 C 0.1571 0.4833 0.6677 2.0 2.0
 69 C 0.2750 0.2286 0.5000 2.0 2.0
 70 C 0.2286 0.2750 0.6677 2.0 2.0
 71 C 0.3583 0.2286 0.5000 2.0 2.0
 72 C 0.2286 0.3583 0.6677 2.0 2.0
 73 C 0.4000 0.3000 0.5000 2.0 2.0
 74 C 0.3000 0.4000 0.6677 2.0 2.0
 75 C 0.4833 0.3000 0.5000 2.0 2.0
 76 C 0.3000 0.4833 0.6677 2.0 2.0
 77 C 0.2750 0.3714 0.5000 2.0 2.0
 78 C 0.3714 0.2750 0.6677 2.0 2.0
 79 C 0.3583 0.3714 0.5000 2.0 2.0
 80 C 0.3714 0.3583 0.6677 2.0 2.0
 81 C 0.4000 0.4429 0.5000 2.0 2.0
 82 C 0.4429 0.4000 0.6677 2.0 2.0
 83 C 0.4833 0.4429 0.5000 2.0 2.0
 84 C 0.4429 0.4833 0.6677 2.0 2.0
 85 C 0.2750 0.5143 0.5000 2.0 2.0
 86 C 0.5143 0.2750 0.6677 2.0 2.0
 87 C 0.3583 0.5143 0.5000 2.0 2.0
 88 C 0.5143 0.3583 0.6677 2.0 2.0
 89 C 0.4000 0.5857 0.5000 2.0 2.0
 90 C 0.5857 0.4000 0.6677 2.0 2.0
 91 C 0.4833 0.5857 0.5000 2.0 2.0
 92 C 0.5857 0.4833 0.6677 2.0 2.0
 93 C 0.2750 0.6571 0.5000 2.0 2.0
 94 C 0.6571 0.2750 0.6677 2.0 2.0
 95 C 0.3583 0.6571 0.5000 2.0 2.0
 96 C 0.6571 0.3583 0.6677 2.0 2.0
 97 C 0.4000 0.7286 0.5000 2.0 2.0
 98 C 0.7286 0.4000 0.6677 2.0 2.0
 99 C 0.4833 0.7286 0.5000 2.0 2.0
100 C 0.7286 0.4833 0.6677 2.0 2.0
101 C 0.2750 0.8000 0.5000 2.0 2.0
102 C 0.8000 0.2750 0.6677 2.0 2.0
103 C 0.3583 0.8000 0.5000 2.0 2.0
104 C 0.8000 0.3583 0.6677 2.0 2.0
105 C 0.4000 0.8714 0.5000 2.0 2.0
106 C 0.8714 0.4000 0.6677 2.0 2.0
107 C 0.4833 0.8714 0.5000 2.0 2.0
108 C 0.8714 0.4833 0.6677 2.0 2.0
109 C 0.2750 0.9429 0.5000 2.0 2.0
110 C 0.9429 0.2750 0.6677 2.0 2.0
111 C 0.3583 0.9429 0.5000 2.0 2.0
112 C 0.9429 0.3583 0.6677 2.0 2.0
113 C 0.6500 0.0143 0.5000 2.0 2.0
114 C 0.0143 0.6500 0.6677 2.0 2.0
115 C 0.7333 0.0143 0.5000 2.0 2.0
116 C 0.0143 0.7333 0.6677 2.0 2.0
117 C 0.5250 0.0857 0.5000 2.0 2.0
118 C 0.0857 0.5250 0.6677 2.0 2.0
119 C 0.6083 0.0857 0.5000 2.0 2.0
120 C 0.0857 0.6083 0.6677 2.0 2.0
121 C 0.6500 0.1571 0.5000 2.0 2.0
122 C 0.1571 0.6500 0.6677 2.0 2.0
123 C 0.7333 0.1571 0.5000 2.0 2.0
124 C 0.1571 0.7333 0.6677 2.0 2.0
125 C 0.5250 0.2286 0.5000 2.0 2.0
126 C 0.2286 0.5250 0.6677 2.0 2.0
127 C 0.6083 0.2286 0.5000 2.0 2.0
128 C 0.2286 0.6083 0.6677 2.0 2.0
129 C 0.6500 0.3000 0.5000 2.0 2.0
130 C 0.3000 0.6500 0.6677 2.0 2.0
131 C 0.7333 0.3000 0.5000 2.0 2.0
132 C 0.3000 0.7333 0.6677 2.0 2.0
133 C 0.5250 0.3714 0.5000 2.0 2.0
134 C 0.3714 0.5250 0.6677 2.0 2.0
135 C 0.6083 0.3714 0.5000 2.0 2.0
136 C 0.3714 0.6083 0.6677 2.0 2.0
137 C 0.6500 0.4429 0.5000 2.0 2.0
138 C 0.4429 0.6500 0.6677 2.0 2.0
139 C 0.7333 0.4429 0.5000 2.0 2.0
140 C 0.4429 0.7333 0.6677 2.0 2.0
141 C 0.5250 0.5143 0.5000 2.0 2.0
142 C 0.5143 0.5250 0.6677 2.0 2.0
143 C 0.6083 0.5143 0.5000 2.0 2.0
144 C 0.5143 0.6083 0.6677 2.0 2.0
145 C 0.6500 0.5857 0.5000 2.0 2.0
146 C 0.5857 0.6500 0.6677 2.0 2.0
147 C 0.7333 0.5857 0.5000 2.0 2.0
148 C 0.5857 0.7333 0.6677 2.0 2.0
149 C 0.5250 0.6571 0.5000 2.0 2.0
150 C 0.6571 0.5250 0.6677 2.0 2.0
151 C 0.6083 0.6571 0.5000 2.0 2.0
152 C 0.6571 0.6083 0.6677 2.0 2.0
153 C 0.6500 0.7286 0.5000 2.0 2.0
154 C 0.7286 0.6500 0.6677 2.0 2.0
155 C 0.7333 0.7286 0.5000 2.0 2.0
156 C 0.7286 0.7333 0.6677 2.0 2.0
157 C 0.5250 0.8000 0.5000 2.0 2.0
158 C 0.8000 0.5250 0.6677 2.0 2.0
159 C 0.6083 0.8000 0.5000 2.0 2.0
160 C 0.8000 0.6083 0.6677 2.0 2.0
161 C 0.6500 0.8714 0.5000 2.0 2.0
162 C 0.8714 0.6500 0.6677 2.0 2.0
163 C 0.7333 0.8714 0.5000 2.0 2.0
164 C 0.8714 0.7333 0.6677 2.0 2.0
165 C 0.5250 0.9429 0.5000 2.0 2.0
166 C 0.9429 0.5250 0.6677 2.0 2.0
167 C 0.6083 0.9429 0.5000 2.0 2.0
168 C 0.9429 0.6083 0.6677 2.0 2.0
169 C 0.9000 0.0143 0.5000 2.0 2.0
170 C 0.0143 0.9000 0.6677 2.0 2.0
171 C 0.9833 0.0143 0.5000 2.0 2.0
172 C 0.0143 0.9833 0.6677 2.0 2.0
173 C 0.7750 0.0857 0.5000 2.0 2.0
174 C 0.0857 0.7750 0.6677 2.0 2.0
175 C 0.8583 0.0857 0.5000 2.0 2.0
176 C 0.0857 0.8583 0.6677 2.0 2.0
177 C 0.9000 0.1571 0.5000 2.0 2.0
178 C 0.1571 0.9000 0.6677 2.0 2.0
179 C 0.9833 0.1571 0.5000 2.0 2.0
180 C 0.1571 0.9833 0.6677 2.0 2.0
181 C 0.7750 0.2286 0.5000 2.0 2.0
182 C 0.2286 0.7750 0.6677 2.0 2.0
183 C 0.8583 0.2286 0.5000 2.0 2.0
184 C 0.2286 0.8583 0.6677 2.0 2.0
185 C 0.9000 0.3000 0.5000 2.0 2.0
186 C 0.3000 0.9000 0.6677 2.0 2.0
187 C 0.9833 0.3000 0.5000 2.0 2.0
188 C 0.3000 0.9833 0.6677 2.0 2.0
189 C 0.7750 0.3714 0.5000 2.0 2.0
190 C 0.3714 0.7750 0.6677 2.0 2.0
191 C 0.8583 0.3714 0.5000 2.0 2.0
192 C 0.3714 0.8583 0.6677 2.0 2.0
193 C 0.9000 0.4429 0.5000 2.0 2.0
194 C 0.4429 0.9000 0.6677 2.0 2.0
195 C 0.9833 0.4429 0.5000 2.0 2.0
196 C 0.4429 0.9833 0.6677 2.0 2.0
197 C 0.7750 0.5143 0.5000 2.0 2.0
198 C 0.5143 0.7750 0.6677 2.0 2.0
199 C 0.8583 0.5143 0.5000 2.0 2.0
200 C 0.5143 0.8583 0.6677 2.0 2.0
201 C 0.9000 0.5857 0.5000 2.0 2.0
202 C 0.5857 0.9000 0.6677 2.0 2.0
203 C 0.9833 0.5857 0.5000 2.0 2.0
204 C 0.5857 0.9833 0.6677 2.0 2.0
205 C 0.7750 0.6571 0.5000 2.0 2.0
206 C 0.6571 0.7750 0.6677 2.0 2.0
207 C 0.8583 0.6571 0.5000 2.0 2.0
208 C 0.6571 0.8583 0.6677 2.0 2.0
209 C 0.9000 0.7286 0.5000 2.0 2.0
210 C 0.7286 0.9000 0.6677 2.0 2.0
211 C 0.9833 0.7286 0.5000 2.0 2.0
212 C 0.7286 0.9833 0.6677 2.0 2.0
213 C 0.7750 0.8000 0.5000 2.0 2.0
214 C 0.8000 0.7750 0.6677 2.0 2.0
215 C 0.8583 0.8000 0.5000 2.0 2.0
216 C 0.8000 0.8583 0.6677 2.0 2.0
217 C 0.9000 0.8714 0.5000 2.0 2.0
218 C 0.8714 0.9000 0.6677 2.0 2.0
219 C 0.9833 0.8714 0.5000 2.0 2.0
220 C 0.8714 0.9833 0.6677 2.0 2.0
221 C 0.7750 0.9429 0.5000 2.0 2.0
222 C 0.9429 0.7750 0.6677 2.0 2.0
223 C 0.8583 0.9429 0.5000 2.0 2.0
224 C 0.9429 0.8583 0.6677 2.0 2.0
Atoms.SpeciesAndCoordinates>
Atoms.UnitVectors.Unit             Ang
<Atoms.UnitVectors    
17.234 0.000 0.000
0.000 17.234 0.000
0.000 0.000 20.000
Atoms.UnitVectors>

scf.XcType                 LDA   
scf.SpinPolarization       off  
scf.maxIter                100 
scf.EigenvalueSolver       band  
scf.Kgrid                  2 2 1 
scf.restart                on

num.HOMOs 0
num.LUMOs 0

#
# for SPADExp
#

SPADExp.dimension 2
SPADExp.curved false
SPADExp.origin 0.00 0.00 8.631
<SPADExp.range
1.00 0.00 0.00 -0.5 0.5 30
0.00  1.00 0.00 -0.5 0.5 30
SPADExp.range>
SPADExp.minN 336
SPADExp.maxN 559

