System.Name NbS2
DATA.PATH /path/to/OpenMX/openmx-3.9.9-1/DFT_DATA19

Species.Number       2
<Definition.of.Atomic.Species
Nb Nb7.0-s3p2d2 Nb_PBE19
S  S7.0-s2p2d1f1 S_PBE19
Definition.of.Atomic.Species>

Atoms.Number         120
Atoms.SpeciesAndCoordinates.Unit   FRAC
<Atoms.SpeciesAndCoordinates
  1 Nb 0.12500000 0.01000000 0.01000000 6.5 6.5 45.0 45.0 0 off
  2 Nb 0.14423077 0.01000000 0.01000000 6.5 6.5 45.0 45.0 0 off
  3 S  0.11985038 0.34333000 0.67667000 3.0 3.0 45.0 45.0 0 off
  4 S  0.13014962 0.34333000 0.67667000 3.0 3.0 45.0 45.0 0 off
  5 S  0.13908115 0.67667000 0.34333000 3.0 3.0 45.0 45.0 0 off
  6 S  0.14938038 0.67667000 0.34333000 3.0 3.0 45.0 45.0 0 off
  7 Nb 0.16346154 0.01000000 0.01000000 6.5 6.5 45.0 45.0 0 off
  8 Nb 0.18269231 0.01000000 0.01000000 6.5 6.5 45.0 45.0 0 off
  9 S  0.15831192 0.34333000 0.67667000 3.0 3.0 45.0 45.0 0 off
 10 S  0.16861115 0.34333000 0.67667000 3.0 3.0 45.0 45.0 0 off
 11 S  0.17754269 0.67667000 0.34333000 3.0 3.0 45.0 45.0 0 off
 12 S  0.18784192 0.67667000 0.34333000 3.0 3.0 45.0 45.0 0 off
 13 Nb 0.20192308 0.01000000 0.01000000 6.5 6.5 45.0 45.0 0 off
 14 Nb 0.22115385 0.01000000 0.01000000 6.5 6.5 45.0 45.0 0 off
 15 S  0.19677346 0.34333000 0.67667000 3.0 3.0 45.0 45.0 0 off
 16 S  0.20707269 0.34333000 0.67667000 3.0 3.0 45.0 45.0 0 off
 17 S  0.21600423 0.67667000 0.34333000 3.0 3.0 45.0 45.0 0 off
 18 S  0.22630346 0.67667000 0.34333000 3.0 3.0 45.0 45.0 0 off
 19 Nb 0.24038462 0.01000000 0.01000000 6.5 6.5 45.0 45.0 0 off
 20 Nb 0.25961538 0.01000000 0.01000000 6.5 6.5 45.0 45.0 0 off
 21 S  0.23523500 0.34333000 0.67667000 3.0 3.0 45.0 45.0 0 off
 22 S  0.24553423 0.34333000 0.67667000 3.0 3.0 45.0 45.0 0 off
 23 S  0.25446577 0.67667000 0.34333000 3.0 3.0 45.0 45.0 0 off
 24 S  0.26476500 0.67667000 0.34333000 3.0 3.0 45.0 45.0 0 off
 25 Nb 0.27884615 0.01000000 0.01000000 6.5 6.5 45.0 45.0 0 off
 26 Nb 0.29807692 0.01000000 0.01000000 6.5 6.5 45.0 45.0 0 off
 27 S  0.27369654 0.34333000 0.67667000 3.0 3.0 45.0 45.0 0 off
 28 S  0.28399577 0.34333000 0.67667000 3.0 3.0 45.0 45.0 0 off
 29 S  0.29292731 0.67667000 0.34333000 3.0 3.0 45.0 45.0 0 off
 30 S  0.30322654 0.67667000 0.34333000 3.0 3.0 45.0 45.0 0 off
 31 Nb 0.31730769 0.01000000 0.01000000 6.5 6.5 45.0 45.0 0 off
 32 Nb 0.33653846 0.01000000 0.01000000 6.5 6.5 45.0 45.0 0 off
 33 S  0.31215808 0.34333000 0.67667000 3.0 3.0 45.0 45.0 0 off
 34 S  0.32245731 0.34333000 0.67667000 3.0 3.0 45.0 45.0 0 off
 35 S  0.33138885 0.67667000 0.34333000 3.0 3.0 45.0 45.0 0 off
 36 S  0.34168808 0.67667000 0.34333000 3.0 3.0 45.0 45.0 0 off
 37 Nb 0.35576923 0.01000000 0.01000000 6.5 6.5 45.0 45.0 0 off
 38 Nb 0.37500000 0.01000000 0.01000000 6.5 6.5 45.0 45.0 0 off
 39 S  0.35061962 0.34333000 0.67667000 3.0 3.0 45.0 45.0 0 off
 40 S  0.36091885 0.34333000 0.67667000 3.0 3.0 45.0 45.0 0 off
 41 S  0.36985038 0.67667000 0.34333000 3.0 3.0 45.0 45.0 0 off
 42 S  0.38014962 0.67667000 0.34333000 3.0 3.0 45.0 45.0 0 off
 43 Nb 0.39423077 0.01000000 0.01000000 6.5 6.5 45.0 45.0 0 off
 44 Nb 0.41346154 0.01000000 0.01000000 6.5 6.5 45.0 45.0 0 off
 45 S  0.38908115 0.34333000 0.67667000 3.0 3.0 45.0 45.0 0 off
 46 S  0.39938038 0.34333000 0.67667000 3.0 3.0 45.0 45.0 0 off
 47 S  0.40831192 0.67667000 0.34333000 3.0 3.0 45.0 45.0 0 off
 48 S  0.41861115 0.67667000 0.34333000 3.0 3.0 45.0 45.0 0 off
 49 Nb 0.43269231 0.01000000 0.01000000 6.5 6.5 45.0 45.0 0 off
 50 Nb 0.45192308 0.01000000 0.01000000 6.5 6.5 45.0 45.0 0 off
 51 S  0.42754269 0.34333000 0.67667000 3.0 3.0 45.0 45.0 0 off
 52 S  0.43784192 0.34333000 0.67667000 3.0 3.0 45.0 45.0 0 off
 53 S  0.44677346 0.67667000 0.34333000 3.0 3.0 45.0 45.0 0 off
 54 S  0.45707269 0.67667000 0.34333000 3.0 3.0 45.0 45.0 0 off
 55 Nb 0.47115385 0.01000000 0.01000000 6.5 6.5 45.0 45.0 0 off
 56 Nb 0.49038462 0.01000000 0.01000000 6.5 6.5 45.0 45.0 0 off
 57 S  0.46600423 0.34333000 0.67667000 3.0 3.0 45.0 45.0 0 off
 58 S  0.47630346 0.34333000 0.67667000 3.0 3.0 45.0 45.0 0 off
 59 S  0.48523500 0.67667000 0.34333000 3.0 3.0 45.0 45.0 0 off
 60 S  0.49553423 0.67667000 0.34333000 3.0 3.0 45.0 45.0 0 off
 61 Nb 0.50961538 0.01000000 0.01000000 6.5 6.5 45.0 45.0 0 off
 62 Nb 0.52884615 0.01000000 0.01000000 6.5 6.5 45.0 45.0 0 off
 63 S  0.50446577 0.34333000 0.67667000 3.0 3.0 45.0 45.0 0 off
 64 S  0.51476500 0.34333000 0.67667000 3.0 3.0 45.0 45.0 0 off
 65 S  0.52369654 0.67667000 0.34333000 3.0 3.0 45.0 45.0 0 off
 66 S  0.53399577 0.67667000 0.34333000 3.0 3.0 45.0 45.0 0 off
 67 Nb 0.54807692 0.01000000 0.01000000 6.5 6.5 45.0 45.0 0 off
 68 Nb 0.56730769 0.01000000 0.01000000 6.5 6.5 45.0 45.0 0 off
 69 S  0.54292731 0.34333000 0.67667000 3.0 3.0 45.0 45.0 0 off
 70 S  0.55322654 0.34333000 0.67667000 3.0 3.0 45.0 45.0 0 off
 71 S  0.56215808 0.67667000 0.34333000 3.0 3.0 45.0 45.0 0 off
 72 S  0.57245731 0.67667000 0.34333000 3.0 3.0 45.0 45.0 0 off
 73 Nb 0.58653846 0.01000000 0.01000000 6.5 6.5 45.0 45.0 0 off
 74 Nb 0.60576923 0.01000000 0.01000000 6.5 6.5 45.0 45.0 0 off
 75 S  0.58138885 0.34333000 0.67667000 3.0 3.0 45.0 45.0 0 off
 76 S  0.59168808 0.34333000 0.67667000 3.0 3.0 45.0 45.0 0 off
 77 S  0.60061962 0.67667000 0.34333000 3.0 3.0 45.0 45.0 0 off
 78 S  0.61091885 0.67667000 0.34333000 3.0 3.0 45.0 45.0 0 off
 79 Nb 0.62500000 0.01000000 0.01000000 6.5 6.5 45.0 45.0 0 off
 80 Nb 0.64423077 0.01000000 0.01000000 6.5 6.5 45.0 45.0 0 off
 81 S  0.61985038 0.34333000 0.67667000 3.0 3.0 45.0 45.0 0 off
 82 S  0.63014962 0.34333000 0.67667000 3.0 3.0 45.0 45.0 0 off
 83 S  0.63908115 0.67667000 0.34333000 3.0 3.0 45.0 45.0 0 off
 84 S  0.64938038 0.67667000 0.34333000 3.0 3.0 45.0 45.0 0 off
 85 Nb 0.66346154 0.01000000 0.01000000 6.5 6.5 45.0 45.0 0 off
 86 Nb 0.68269231 0.01000000 0.01000000 6.5 6.5 45.0 45.0 0 off
 87 S  0.65831192 0.34333000 0.67667000 3.0 3.0 45.0 45.0 0 off
 88 S  0.66861115 0.34333000 0.67667000 3.0 3.0 45.0 45.0 0 off
 89 S  0.67754269 0.67667000 0.34333000 3.0 3.0 45.0 45.0 0 off
 90 S  0.68784192 0.67667000 0.34333000 3.0 3.0 45.0 45.0 0 off
 91 Nb 0.70192308 0.01000000 0.01000000 6.5 6.5 45.0 45.0 0 off
 92 Nb 0.72115385 0.01000000 0.01000000 6.5 6.5 45.0 45.0 0 off
 93 S  0.69677346 0.34333000 0.67667000 3.0 3.0 45.0 45.0 0 off
 94 S  0.70707269 0.34333000 0.67667000 3.0 3.0 45.0 45.0 0 off
 95 S  0.71600423 0.67667000 0.34333000 3.0 3.0 45.0 45.0 0 off
 96 S  0.72630346 0.67667000 0.34333000 3.0 3.0 45.0 45.0 0 off
 97 Nb 0.74038462 0.01000000 0.01000000 6.5 6.5 45.0 45.0 0 off
 98 Nb 0.75961538 0.01000000 0.01000000 6.5 6.5 45.0 45.0 0 off
 99 S  0.73523500 0.34333000 0.67667000 3.0 3.0 45.0 45.0 0 off
100 S  0.74553423 0.34333000 0.67667000 3.0 3.0 45.0 45.0 0 off
101 S  0.75446577 0.67667000 0.34333000 3.0 3.0 45.0 45.0 0 off
102 S  0.76476500 0.67667000 0.34333000 3.0 3.0 45.0 45.0 0 off
103 Nb 0.77884615 0.01000000 0.01000000 6.5 6.5 45.0 45.0 0 off
104 Nb 0.79807692 0.01000000 0.01000000 6.5 6.5 45.0 45.0 0 off
105 S  0.77369654 0.34333000 0.67667000 3.0 3.0 45.0 45.0 0 off
106 S  0.78399577 0.34333000 0.67667000 3.0 3.0 45.0 45.0 0 off
107 S  0.79292731 0.67667000 0.34333000 3.0 3.0 45.0 45.0 0 off
108 S  0.80322654 0.67667000 0.34333000 3.0 3.0 45.0 45.0 0 off
109 Nb 0.81730769 0.01000000 0.01000000 6.5 6.5 45.0 45.0 0 off
110 Nb 0.83653846 0.01000000 0.01000000 6.5 6.5 45.0 45.0 0 off
111 S  0.81215808 0.34333000 0.67667000 3.0 3.0 45.0 45.0 0 off
112 S  0.82245731 0.34333000 0.67667000 3.0 3.0 45.0 45.0 0 off
113 S  0.83138885 0.67667000 0.34333000 3.0 3.0 45.0 45.0 0 off
114 S  0.84168808 0.67667000 0.34333000 3.0 3.0 45.0 45.0 0 off
115 Nb 0.85576923 0.01000000 0.01000000 6.5 6.5 45.0 45.0 0 off
116 Nb 0.87500000 0.01000000 0.01000000 6.5 6.5 45.0 45.0 0 off
117 S  0.85061962 0.34333000 0.67667000 3.0 3.0 45.0 45.0 0 off
118 S  0.86091885 0.34333000 0.67667000 3.0 3.0 45.0 45.0 0 off
119 S  0.86985038 0.67667000 0.34333000 3.0 3.0 45.0 45.0 0 off
120 S  0.88014962 0.67667000 0.34333000 3.0 3.0 45.0 45.0 0 off
Atoms.SpeciesAndCoordinates>
Atoms.UnitVectors.Unit             Ang
<Atoms.UnitVectors                    
309.14 0.000 0.000
0.000 3.31 0.000
0.000 -1.655 2.867
Atoms.UnitVectors>

scf.XcType                 GGA-PBE
scf.SpinPolarization       off     
scf.maxIter                10000
scf.EigenvalueSolver       band
scf.Kgrid                  1 7 7
scf.Mixing.Type            RMM-DIISK
scf.restart on
scf.mixing.history 50
scf.Init.Mixing.Weight     0.001
scf.Mixing.StartPulay      1000
scf.max.mixing.weight 0.005
scf.min.mixing.weight 0.00001

esm.switch on1
esm.buffer.range 4.5

<Band.KPath.UnitCell
11.89 0.000 0.000
0.000 3.31 0.000
0.000 -1.655 2.867
Band.KPath.UnitCell>

Band.dispersion on
Band.Nkpath 1
<Band.kpath
100 0.0 0.0 0.5 1.0 0.0 0.5 M M
Band.kpath>

num.HOMOs 0
num.LUMOs 0

SPADExp.dimension 2
SPADExp.curved false
SPADExp.origin 0 0 0
<SPADExp.range
0.00 0.00 1.00 -0.5 0.5 3
1.00 0.00 0.00 22 23 201
SPADExp.range>

! SPADExp.dimension 1
! SPADExp.curved true
! SPADExp.origin 22.595 0.00 0.00
! <SPADExp.range
! 0.00 0.00 1.00 -1 1 401
! SPADExp.range>

SPADExp.minN 200
SPADExp.maxN 600
