System.Name NbS2
DATA.PATH /path/to/OpenMX/openmx-3.9.9-1/DFT_DATA19

Species.Number       2
<Definition.of.Atomic.Species
Nb Nb7.0-s3p2d2 Nb_PBE19
S  S7.0-s2p2d1f1 S_PBE19
Definition.of.Atomic.Species>

Atoms.Number         60
Atoms.SpeciesAndCoordinates.Unit   FRAC
<Atoms.SpeciesAndCoordinates
  1 Nb 0.20312500 0.01000000 0.01000000 6.5 6.5 45.0 45.0 0 off
  2 Nb 0.23437500 0.01000000 0.01000000 6.5 6.5 45.0 45.0 0 off
  3 S  0.19475687 0.34333000 0.67667000 3.0 3.0 45.0 45.0 0 off
  4 S  0.21149313 0.34333000 0.67667000 3.0 3.0 45.0 45.0 0 off
  5 S  0.22600687 0.67667000 0.34333000 3.0 3.0 45.0 45.0 0 off
  6 S  0.24274313 0.67667000 0.34333000 3.0 3.0 45.0 45.0 0 off
  7 Nb 0.26562500 0.01000000 0.01000000 6.5 6.5 45.0 45.0 0 off
  8 Nb 0.29687500 0.01000000 0.01000000 6.5 6.5 45.0 45.0 0 off
  9 S  0.25725687 0.34333000 0.67667000 3.0 3.0 45.0 45.0 0 off
 10 S  0.27399313 0.34333000 0.67667000 3.0 3.0 45.0 45.0 0 off
 11 S  0.28850687 0.67667000 0.34333000 3.0 3.0 45.0 45.0 0 off
 12 S  0.30524313 0.67667000 0.34333000 3.0 3.0 45.0 45.0 0 off
 13 Nb 0.32812500 0.01000000 0.01000000 6.5 6.5 45.0 45.0 0 off
 14 Nb 0.35937500 0.01000000 0.01000000 6.5 6.5 45.0 45.0 0 off
 15 S  0.31975687 0.34333000 0.67667000 3.0 3.0 45.0 45.0 0 off
 16 S  0.33649313 0.34333000 0.67667000 3.0 3.0 45.0 45.0 0 off
 17 S  0.35100687 0.67667000 0.34333000 3.0 3.0 45.0 45.0 0 off
 18 S  0.36774313 0.67667000 0.34333000 3.0 3.0 45.0 45.0 0 off
 19 Nb 0.39062500 0.01000000 0.01000000 6.5 6.5 45.0 45.0 0 off
 20 Nb 0.42187500 0.01000000 0.01000000 6.5 6.5 45.0 45.0 0 off
 21 S  0.38225687 0.34333000 0.67667000 3.0 3.0 45.0 45.0 0 off
 22 S  0.39899313 0.34333000 0.67667000 3.0 3.0 45.0 45.0 0 off
 23 S  0.41350687 0.67667000 0.34333000 3.0 3.0 45.0 45.0 0 off
 24 S  0.43024313 0.67667000 0.34333000 3.0 3.0 45.0 45.0 0 off
 25 Nb 0.45312500 0.01000000 0.01000000 6.5 6.5 45.0 45.0 0 off
 26 Nb 0.48437500 0.01000000 0.01000000 6.5 6.5 45.0 45.0 0 off
 27 S  0.44475687 0.34333000 0.67667000 3.0 3.0 45.0 45.0 0 off
 28 S  0.46149313 0.34333000 0.67667000 3.0 3.0 45.0 45.0 0 off
 29 S  0.47600687 0.67667000 0.34333000 3.0 3.0 45.0 45.0 0 off
 30 S  0.49274313 0.67667000 0.34333000 3.0 3.0 45.0 45.0 0 off
 31 Nb 0.51562500 0.01000000 0.01000000 6.5 6.5 45.0 45.0 0 off
 32 Nb 0.54687500 0.01000000 0.01000000 6.5 6.5 45.0 45.0 0 off
 33 S  0.50725688 0.34333000 0.67667000 3.0 3.0 45.0 45.0 0 off
 34 S  0.52399312 0.34333000 0.67667000 3.0 3.0 45.0 45.0 0 off
 35 S  0.53850688 0.67667000 0.34333000 3.0 3.0 45.0 45.0 0 off
 36 S  0.55524312 0.67667000 0.34333000 3.0 3.0 45.0 45.0 0 off
 37 Nb 0.57812500 0.01000000 0.01000000 6.5 6.5 45.0 45.0 0 off
 38 Nb 0.60937500 0.01000000 0.01000000 6.5 6.5 45.0 45.0 0 off
 39 S  0.56975688 0.34333000 0.67667000 3.0 3.0 45.0 45.0 0 off
 40 S  0.58649312 0.34333000 0.67667000 3.0 3.0 45.0 45.0 0 off
 41 S  0.60100688 0.67667000 0.34333000 3.0 3.0 45.0 45.0 0 off
 42 S  0.61774312 0.67667000 0.34333000 3.0 3.0 45.0 45.0 0 off
 43 Nb 0.64062500 0.01000000 0.01000000 6.5 6.5 45.0 45.0 0 off
 44 Nb 0.67187500 0.01000000 0.01000000 6.5 6.5 45.0 45.0 0 off
 45 S  0.63225688 0.34333000 0.67667000 3.0 3.0 45.0 45.0 0 off
 46 S  0.64899312 0.34333000 0.67667000 3.0 3.0 45.0 45.0 0 off
 47 S  0.66350688 0.67667000 0.34333000 3.0 3.0 45.0 45.0 0 off
 48 S  0.68024312 0.67667000 0.34333000 3.0 3.0 45.0 45.0 0 off
 49 Nb 0.70312500 0.01000000 0.01000000 6.5 6.5 45.0 45.0 0 off
 50 Nb 0.73437500 0.01000000 0.01000000 6.5 6.5 45.0 45.0 0 off
 51 S  0.69475688 0.34333000 0.67667000 3.0 3.0 45.0 45.0 0 off
 52 S  0.71149312 0.34333000 0.67667000 3.0 3.0 45.0 45.0 0 off
 53 S  0.72600688 0.67667000 0.34333000 3.0 3.0 45.0 45.0 0 off
 54 S  0.74274312 0.67667000 0.34333000 3.0 3.0 45.0 45.0 0 off
 55 Nb 0.76562500 0.01000000 0.01000000 6.5 6.5 45.0 45.0 0 off
 56 Nb 0.79687500 0.01000000 0.01000000 6.5 6.5 45.0 45.0 0 off
 57 S  0.75725688 0.34333000 0.67667000 3.0 3.0 45.0 45.0 0 off
 58 S  0.77399312 0.34333000 0.67667000 3.0 3.0 45.0 45.0 0 off
 59 S  0.78850688 0.67667000 0.34333000 3.0 3.0 45.0 45.0 0 off
 60 S  0.80524312 0.67667000 0.34333000 3.0 3.0 45.0 45.0 0 off
Atoms.SpeciesAndCoordinates>
Atoms.UnitVectors.Unit             Ang
<Atoms.UnitVectors                    
190.24 0.000 0.000
0.000 3.31 0.000
0.000 -1.655 2.867
Atoms.UnitVectors>

scf.XcType                 GGA-PBE
scf.SpinPolarization       nc
scf.maxIter                10000
scf.EigenvalueSolver       band
scf.Kgrid                  1 7 7
scf.Mixing.Type            RMM-DIISK
scf.restart off
scf.mixing.history 50
scf.Init.Mixing.Weight     0.001
scf.Mixing.StartPulay      1000
scf.max.mixing.weight 0.005
scf.min.mixing.weight 0.00001

esm.switch on1
esm.buffer.range 4.5

<Band.KPath.UnitCell
11.89 0.000 0.000
0.000 3.31 0.000
0.000 -1.655 2.867
Band.KPath.UnitCell>

Band.dispersion off
Band.Nkpath 1
<Band.kpath
100 0.0 0.0 0.5 1.0 0.0 0.5 M M
Band.kpath>

num.HOMOs 0
num.LUMOs 0

SPADExp.dimension 2
SPADExp.curved false
SPADExp.origin 0 0 0
<SPADExp.range
0.00 0.00 1.00 -0.5 0.5 3
1.00 0.00 0.00 22 23 201
SPADExp.range>

! SPADExp.dimension 1
! SPADExp.curved true
! SPADExp.origin 22.595 0.00 0.00
! <SPADExp.range
! 0.00 0.00 1.00 -1 1 401
! SPADExp.range>

SPADExp.minN 200
SPADExp.maxN 600


