#
# for OpenMX
#

System.Name                      TiS2_l40
System.CurrentDirectory /path/to/workdir
DATA.PATH /path/to/OpenMX/DFT_DATA19

Species.Number       4
<Definition.of.Atomic.Species
Ti Ti7.0-s3p2d1   Ti_PBE19
S   S7.0-s2p2d1f1 S_PBE19
ET Ti7.0-s3p2d1   E
ES  S7.0-s2p2d1f1 E
Definition.of.Atomic.Species>

Atoms.Number         132
Atoms.SpeciesAndCoordinates.Unit   FRAC
<Atoms.SpeciesAndCoordinates
1   ET 0.03260870 0.50000000 0.50000000 0.0 0.0 45.0 45.0 0 off
2   ES 0.03806897 0.83333330 0.16666670 0.0 0.0 45.0 45.0 0 off
3   ES 0.02714842 0.16666670 0.83333330 0.0 0.0 45.0 45.0 0 off
4   ET 0.05434783 0.50000000 0.50000000 0.0 0.0 45.0 45.0 0 off
5   ES 0.05980810 0.83333330 0.16666670 0.0 0.0 45.0 45.0 0 off
6   ES 0.04888755 0.16666670 0.83333330 0.0 0.0 45.0 45.0 0 off
7   Ti 0.07608696 0.50000000 0.50000000 6.0 6.0 45.0 45.0 0 off
8    S 0.08154723 0.83333330 0.16666670 3.0 3.0 45.0 45.0 0 off
9    S 0.07062668 0.16666670 0.83333330 3.0 3.0 45.0 45.0 0 off
10  Ti 0.09782609 0.50000000 0.50000000 6.0 6.0 45.0 45.0 0 off
11   S 0.10328636 0.83333330 0.16666670 3.0 3.0 45.0 45.0 0 off
12   S 0.09236582 0.16666670 0.83333330 3.0 3.0 45.0 45.0 0 off
13  Ti 0.11956522 0.50000000 0.50000000 6.0 6.0 45.0 45.0 0 off
14   S 0.12502549 0.83333330 0.16666670 3.0 3.0 45.0 45.0 0 off
15   S 0.11410495 0.16666670 0.83333330 3.0 3.0 45.0 45.0 0 off
16  Ti 0.14130435 0.50000000 0.50000000 6.0 6.0 45.0 45.0 0 off
17   S 0.14676462 0.83333330 0.16666670 3.0 3.0 45.0 45.0 0 off
18   S 0.13584408 0.16666670 0.83333330 3.0 3.0 45.0 45.0 0 off
19  Ti 0.16304348 0.50000000 0.50000000 6.0 6.0 45.0 45.0 0 off
20   S 0.16850375 0.83333330 0.16666670 3.0 3.0 45.0 45.0 0 off
21   S 0.15758321 0.16666670 0.83333330 3.0 3.0 45.0 45.0 0 off
22  Ti 0.18478261 0.50000000 0.50000000 6.0 6.0 45.0 45.0 0 off
23   S 0.19024288 0.83333330 0.16666670 3.0 3.0 45.0 45.0 0 off
24   S 0.17932234 0.16666670 0.83333330 3.0 3.0 45.0 45.0 0 off
25  Ti 0.20652174 0.50000000 0.50000000 6.0 6.0 45.0 45.0 0 off
26   S 0.21198201 0.83333330 0.16666670 3.0 3.0 45.0 45.0 0 off
27   S 0.20106147 0.16666670 0.83333330 3.0 3.0 45.0 45.0 0 off
28  Ti 0.22826087 0.50000000 0.50000000 6.0 6.0 45.0 45.0 0 off
29   S 0.23372114 0.83333330 0.16666670 3.0 3.0 45.0 45.0 0 off
30   S 0.22280060 0.16666670 0.83333330 3.0 3.0 45.0 45.0 0 off
31  Ti 0.25000000 0.50000000 0.50000000 6.0 6.0 45.0 45.0 0 off
32   S 0.25546027 0.83333330 0.16666670 3.0 3.0 45.0 45.0 0 off
33   S 0.24453973 0.16666670 0.83333330 3.0 3.0 45.0 45.0 0 off
34  Ti 0.27173913 0.50000000 0.50000000 6.0 6.0 45.0 45.0 0 off
35   S 0.27719940 0.83333330 0.16666670 3.0 3.0 45.0 45.0 0 off
36   S 0.26627886 0.16666670 0.83333330 3.0 3.0 45.0 45.0 0 off
37  Ti 0.29347826 0.50000000 0.50000000 6.0 6.0 45.0 45.0 0 off
38   S 0.29893853 0.83333330 0.16666670 3.0 3.0 45.0 45.0 0 off
39   S 0.28801799 0.16666670 0.83333330 3.0 3.0 45.0 45.0 0 off
40  Ti 0.31521739 0.50000000 0.50000000 6.0 6.0 45.0 45.0 0 off
41   S 0.32067766 0.83333330 0.16666670 3.0 3.0 45.0 45.0 0 off
42   S 0.30975712 0.16666670 0.83333330 3.0 3.0 45.0 45.0 0 off
43  Ti 0.33695652 0.50000000 0.50000000 6.0 6.0 45.0 45.0 0 off
44   S 0.34241679 0.83333330 0.16666670 3.0 3.0 45.0 45.0 0 off
45   S 0.33149625 0.16666670 0.83333330 3.0 3.0 45.0 45.0 0 off
46  Ti 0.35869565 0.50000000 0.50000000 6.0 6.0 45.0 45.0 0 off
47   S 0.36415592 0.83333330 0.16666670 3.0 3.0 45.0 45.0 0 off
48   S 0.35323538 0.16666670 0.83333330 3.0 3.0 45.0 45.0 0 off
49  Ti 0.38043478 0.50000000 0.50000000 6.0 6.0 45.0 45.0 0 off
50   S 0.38589505 0.83333330 0.16666670 3.0 3.0 45.0 45.0 0 off
51   S 0.37497451 0.16666670 0.83333330 3.0 3.0 45.0 45.0 0 off
52  Ti 0.40217391 0.50000000 0.50000000 6.0 6.0 45.0 45.0 0 off
53   S 0.40763418 0.83333330 0.16666670 3.0 3.0 45.0 45.0 0 off
54   S 0.39671364 0.16666670 0.83333330 3.0 3.0 45.0 45.0 0 off
55  Ti 0.42391304 0.50000000 0.50000000 6.0 6.0 45.0 45.0 0 off
56   S 0.42937332 0.83333330 0.16666670 3.0 3.0 45.0 45.0 0 off
57   S 0.41845277 0.16666670 0.83333330 3.0 3.0 45.0 45.0 0 off
58  Ti 0.44565217 0.50000000 0.50000000 6.0 6.0 45.0 45.0 0 off
59   S 0.45111245 0.83333330 0.16666670 3.0 3.0 45.0 45.0 0 off
60   S 0.44019190 0.16666670 0.83333330 3.0 3.0 45.0 45.0 0 off
61  Ti 0.46739130 0.50000000 0.50000000 6.0 6.0 45.0 45.0 0 off
62   S 0.47285158 0.83333330 0.16666670 3.0 3.0 45.0 45.0 0 off
63   S 0.46193103 0.16666670 0.83333330 3.0 3.0 45.0 45.0 0 off
64  Ti 0.48913043 0.50000000 0.50000000 6.0 6.0 45.0 45.0 0 off
65   S 0.49459071 0.83333330 0.16666670 3.0 3.0 45.0 45.0 0 off
66   S 0.48367016 0.16666670 0.83333330 3.0 3.0 45.0 45.0 0 off
67  Ti 0.51086957 0.50000000 0.50000000 6.0 6.0 45.0 45.0 0 off
68   S 0.51632984 0.83333330 0.16666670 3.0 3.0 45.0 45.0 0 off
69   S 0.50540929 0.16666670 0.83333330 3.0 3.0 45.0 45.0 0 off
70  Ti 0.53260870 0.50000000 0.50000000 6.0 6.0 45.0 45.0 0 off
71   S 0.53806897 0.83333330 0.16666670 3.0 3.0 45.0 45.0 0 off
72   S 0.52714842 0.16666670 0.83333330 3.0 3.0 45.0 45.0 0 off
73  Ti 0.55434783 0.50000000 0.50000000 6.0 6.0 45.0 45.0 0 off
74   S 0.55980810 0.83333330 0.16666670 3.0 3.0 45.0 45.0 0 off
75   S 0.54888755 0.16666670 0.83333330 3.0 3.0 45.0 45.0 0 off
76  Ti 0.57608696 0.50000000 0.50000000 6.0 6.0 45.0 45.0 0 off
77   S 0.58154723 0.83333330 0.16666670 3.0 3.0 45.0 45.0 0 off
78   S 0.57062668 0.16666670 0.83333330 3.0 3.0 45.0 45.0 0 off
79  Ti 0.59782609 0.50000000 0.50000000 6.0 6.0 45.0 45.0 0 off
80   S 0.60328636 0.83333330 0.16666670 3.0 3.0 45.0 45.0 0 off
81   S 0.59236582 0.16666670 0.83333330 3.0 3.0 45.0 45.0 0 off
82  Ti 0.61956522 0.50000000 0.50000000 6.0 6.0 45.0 45.0 0 off
83   S 0.62502549 0.83333330 0.16666670 3.0 3.0 45.0 45.0 0 off
84   S 0.61410495 0.16666670 0.83333330 3.0 3.0 45.0 45.0 0 off
85  Ti 0.64130435 0.50000000 0.50000000 6.0 6.0 45.0 45.0 0 off
86   S 0.64676462 0.83333330 0.16666670 3.0 3.0 45.0 45.0 0 off
87   S 0.63584408 0.16666670 0.83333330 3.0 3.0 45.0 45.0 0 off
88  Ti 0.66304348 0.50000000 0.50000000 6.0 6.0 45.0 45.0 0 off
89   S 0.66850375 0.83333330 0.16666670 3.0 3.0 45.0 45.0 0 off
90   S 0.65758321 0.16666670 0.83333330 3.0 3.0 45.0 45.0 0 off
91  Ti 0.68478261 0.50000000 0.50000000 6.0 6.0 45.0 45.0 0 off
92   S 0.69024288 0.83333330 0.16666670 3.0 3.0 45.0 45.0 0 off
93   S 0.67932234 0.16666670 0.83333330 3.0 3.0 45.0 45.0 0 off
94  Ti 0.70652174 0.50000000 0.50000000 6.0 6.0 45.0 45.0 0 off
95   S 0.71198201 0.83333330 0.16666670 3.0 3.0 45.0 45.0 0 off
96   S 0.70106147 0.16666670 0.83333330 3.0 3.0 45.0 45.0 0 off
97  Ti 0.72826087 0.50000000 0.50000000 6.0 6.0 45.0 45.0 0 off
98   S 0.73372114 0.83333330 0.16666670 3.0 3.0 45.0 45.0 0 off
99   S 0.72280060 0.16666670 0.83333330 3.0 3.0 45.0 45.0 0 off
100 Ti 0.75000000 0.50000000 0.50000000 6.0 6.0 45.0 45.0 0 off
101  S 0.75546027 0.83333330 0.16666670 3.0 3.0 45.0 45.0 0 off
102  S 0.74453973 0.16666670 0.83333330 3.0 3.0 45.0 45.0 0 off
103 Ti 0.77173913 0.50000000 0.50000000 6.0 6.0 45.0 45.0 0 off
104  S 0.77719940 0.83333330 0.16666670 3.0 3.0 45.0 45.0 0 off
105  S 0.76627886 0.16666670 0.83333330 3.0 3.0 45.0 45.0 0 off
106 Ti 0.79347826 0.50000000 0.50000000 6.0 6.0 45.0 45.0 0 off
107  S 0.79893853 0.83333330 0.16666670 3.0 3.0 45.0 45.0 0 off
108  S 0.78801799 0.16666670 0.83333330 3.0 3.0 45.0 45.0 0 off
109 Ti 0.81521739 0.50000000 0.50000000 6.0 6.0 45.0 45.0 0 off
110  S 0.82067766 0.83333330 0.16666670 3.0 3.0 45.0 45.0 0 off
111  S 0.80975712 0.16666670 0.83333330 3.0 3.0 45.0 45.0 0 off
112 Ti 0.83695652 0.50000000 0.50000000 6.0 6.0 45.0 45.0 0 off
113  S 0.84241679 0.83333330 0.16666670 3.0 3.0 45.0 45.0 0 off
114  S 0.83149625 0.16666670 0.83333330 3.0 3.0 45.0 45.0 0 off
115 Ti 0.85869565 0.50000000 0.50000000 6.0 6.0 45.0 45.0 0 off
116  S 0.86415592 0.83333330 0.16666670 3.0 3.0 45.0 45.0 0 off
117  S 0.85323538 0.16666670 0.83333330 3.0 3.0 45.0 45.0 0 off
118 Ti 0.88043478 0.50000000 0.50000000 6.0 6.0 45.0 45.0 0 off
119  S 0.88589505 0.83333330 0.16666670 3.0 3.0 45.0 45.0 0 off
120  S 0.87497451 0.16666670 0.83333330 3.0 3.0 45.0 45.0 0 off
121 Ti 0.90217391 0.50000000 0.50000000 6.0 6.0 45.0 45.0 0 off
122  S 0.90763418 0.83333330 0.16666670 3.0 3.0 45.0 45.0 0 off
123  S 0.89671364 0.16666670 0.83333330 3.0 3.0 45.0 45.0 0 off
124 Ti 0.92391304 0.50000000 0.50000000 6.0 6.0 45.0 45.0 0 off
125  S 0.92937332 0.83333330 0.16666670 3.0 3.0 45.0 45.0 0 off
126  S 0.91845277 0.16666670 0.83333330 3.0 3.0 45.0 45.0 0 off
127 ET 0.94565217 0.50000000 0.50000000 0.0 0.0 45.0 45.0 0 off
128 ES 0.95111245 0.83333330 0.16666670 0.0 0.0 45.0 45.0 0 off
129 ES 0.94019190 0.16666670 0.83333330 0.0 0.0 45.0 45.0 0 off
130 ET 0.96739130 0.50000000 0.50000000 0.0 0.0 45.0 45.0 0 off
131 ES 0.97285158 0.83333330 0.16666670 0.0 0.0 45.0 45.0 0 off
132 ES 0.96193103 0.16666670 0.83333330 0.0 0.0 45.0 45.0 0 off
Atoms.SpeciesAndCoordinates>
Atoms.UnitVectors.Unit Ang
<Atoms.UnitVectors
0.000 0.000 261.97
3.405 0.000 0.000
-1.7025 2.9488 0.000
Atoms.UnitVectors>

scf.XcType                 GGA-PBE
scf.SpinPolarization       off
scf.maxIter                5000
scf.EigenvalueSolver       band
scf.Kgrid                  1 7 7
scf.restart on

scf.mixing.type rmm-diisk
scf.init.mixing.weight 0.001
scf.min.mixing.weight 0.00001
scf.max.mixing.weight 0.01
scf.mixing.startPulay 500
scf.mixing.history 100

esm.switch on1
esm.buffer.range 4.5
esm.direction z

band.dispersion on
band.nkpath 2
<band.kpath
200 0.000000 -0.666667	0.333333  0.000000 0.000000 0.000000 K G
200 0.000000  0.000000  0.000000  0.000000 0.000000 0.500000 G M
band.kpath>

#
# for SPADExp
#

SPADExp.dimension 1
SPADExp.curved true
SPADExp.origin 0.00 0.00 0.00
<SPADExp.range
0.00 0.66667 -0.33333 -0.4 0.4 401
SPADExp.range>

# SPADExp.dimension 1
# SPADExp.curved true
# SPADExp.origin 0.00 0.00 0.00
# <SPADExp.range
# 0.00 0.66667 -0.33333 -0.16258 0.16258 9
# SPADExp.range>

# SPADExp.dimension 1
# SPADExp.curved true
# SPADExp.origin 71.230 0.00 0.00
# <SPADExp.range
# 0.00 0.66667 -0.33333 -0.4 0.4 401
# SPADExp.range>

# SPADExp.dimension 2
# SPADExp.curved true
# SPADExp.origin 0.00 0.00 0.00
# <SPADExp.range
# 0.00 0.66667 -0.33333 -0.4 0.4 401
# 1.00 0.00000  0.00000 100  101 2
# SPADExp.range>

SPADExp.minN 320
SPADExp.maxN 560

num.HOMOs 0
num.LUMOs 0

